function srcPos=generateSrc()

srcPos=[];
srcPos=[
    0.5 0.5;
    0.5 1.5;
    0.5 2.5;
    0.5 3.5;
    0.5 4.5;
    0.5 5.5;
    
    1.2 7;
    1.2 8;

    1.2 9.5;   
    1.7 9.5;
    2.2 9.5;

    1.2 8.5;    
    1.7 8.5;
    2.2 8.5;

    3.5 9.5;
    4.5 9.5;
    5.5 9.5;
    6.5 9.5;
    7.5 9.5;
    3.5 9;
    4.5 9;
    5.5 9;
    6.5 9;
    7.5 9;
    3.5 8.5;
    4.5 8.5;
    5.5 8.5;
    6.5 8.5;
    7.5 8.5;

    7.5 7;
    7.5 6;
    7.5 5;
    7.5 4;
    7.5 3;
    7.5 2;
    7.5 1;
    7.5 0.5;
    
    6.5 0.5;
    5.5 0.5;
    4.5 0.5;
    3.5 0.5;
    2.5 0.5;
    1.5 0.5;
    ];
% for x=0.5:0.5:7.5
%     for y=0.5:0.5:5.5
%         srcPos=[srcPos;x y];
%     end
% end
% for x=1.2:0.5:2.2        
%     for y=7:0.5:9.5
%         srcPos=[srcPos;x y];
%     end
% end
% for x=3.5:0.5:7.5        
%     for y=8.2:0.5:9.2
%         srcPos=[srcPos;x y];
%     end
% end